% -------------------------------------------------------------------
%  Generated by MATLAB on 15-Nov-2020 19:32:33
%  MATLAB version: 9.4.0.813654 (R2018a)
% -------------------------------------------------------------------
                                     

ans = 'Hello World';

